15
12
10
13
7
13
11
15
10
10
3
19
3
4
20
7
8
1
9
13
16
10
9
7
9
19
6
15
4
10
10
13
17
14
16
17
13
7
17
12
9
17
17
11
4
1
20
8
18
15
17
6
5
4
18
20
14
20
15
18
12
10
9
5
16
1
16
4
20
20
9
3
4
20
2
8
12
1
4
20
19
11
18
13
5
16
19
19
19
11
14
5
16
7
11
14
12
19
19
8
18
2
16
13
20
4
7
17
2
16
3
4
4
8
15
2
20
19
5
13
20
5
10
3
14
6
14
13
6
17
20
15
17
11
11
1
7
1
19
4
19
19
3
3
12
15
13
13
12
2
5
20
9
18
20
19
8
6
7
13
5
10
3
7
14
18
12
12
19
14
3
3
7
17
15
1
11
4
19
18
19
18
13
4
3
9
11
2
11
18
11
11
13
7
2
6
1
8
9
13
15
4
15
11
18
1
15
3
13
14
18
9
10
6
15
11
8
11
11
5
2
8
8
14
19
12
10
9
17
15
4
9
20
15
14
1
4
1
15
16
11
6
18
5
17
14
10
20
15
16
6
6
15
19
16
6
18
12
14
20
7
4
11
11
20
3
12
11
4
9
15
1
4
12
2
8
20
2
17
8
17
19
13
2
8
16
5
20
14
4
3
19
8
20
9
11
18
11
10
6
11
3
7
1
12
11
18
4
10
10
10
5
12
1
7
5
2
9
17
7
11
8
16
6
1
14
9
6
6
7
12
2
17
16
19
13
20
8
11
18
13
18
15
11
11
1
6
11
17
11
10
4
10
11
18
12
5
14
17
15
1
5
9
19
10
9
11
3
2
19
13
18
3
19
10
16
10
8
18
8
1
19
18
10
14
18
20
11
18
12
8
2
2
15
9
4
5
13
19
18
17
3
11
13
13
7
18
3
6
10
20
19
1
8
3
5
3
17
8
2
14
12
9
4
1
6
14
19
8
4
7
19
10
13
18
13
10
4
7
1
9
15
19
2
6
10
7
6
6
15
6
4
11
3
14
5
11
17
9
14
17
2
19
16
19
9
17
6
7
13
12
16
6
6
4
19
4
9
1
12
5
5
19
10
13
7
2
15
6
1
20
3
5
15
12
1
7
14
1
6
17
10
19
16
18
8
19
16
3
17
5
12
3
11
3
9
2
6
1
16
8
2
7
4
19
3
8
13
2
9
9
12
2
12
19
8
15
20
7
3
14
11
10
13
17
8
17
19
20
19
3
20
5
7
18
15
13
3
20
4
8
18
14
20
2
13
4
12
8
8
4
13
14
2
6
16
1
13
17
17
12
10
12
18
7
5
19
2
5
18
4
7
14
20
19
5
3
7
10
5
1
1
7
6
4
9
4
16
1
6
4
19
18
11
16
6
12
19
17
2
12
11
17
5
3
8
9
13
19
17
13
6
2
6
20
10
13
14
12
17
16
18
6
1
6
10
15
17
11
3
14
15
9
4
5
10
8
14
19
18
7
11
9
7
8
5
6
13
12
12
2
4
19
10
14
7
7
20
13
18
5
19
6
13
18
5
5
15
19
9
18
1
3
9
10
5
14
3
10
3
19
16
1
4
4
9
5
12
6
12
10
18
9
3
6
12
1
12
14
20
6
6
10
10
19
11
12
7
17
11
7
4
8
20
7
5
18
8
10
2
19
13
18
4
3
17
5
7
11
14
6
11
16
20
2
5
18
5
19
2
3
10
6
16
13
10
11
20
13
11
10
3
10
13
9
20
7
14
16
16
16
16
15
18
2
20
14
6
5
8
19
1
2
16
6
18
14
12
5
9
10
18
4
17
11
11
11
3
9
17
7
13
12
1
7
1
15
10
7
13
8
15
8
1
13
20
4
20
9
20
17
6
12
4
1
18
13
8
8
12
14
12
17
12
6
9
16
15
19
14
13
10
3
5
6
1
13
11
15
16
20
9
11
9
3
18
8
3
5
6
4
20
9
8
7
7
7
8
16
20
2
11
19
9
13
8
14
9
13
5
16
7
20
15
3
6
4
3
18
4
11
19
7
18
7
17
12
15
3
2
9
1
5
18
18
5
4
20
18
6
1
5
14
10
1
19
10
4
17
1
18
18
11
18
10
10
15
10
8
1
10
12
18
5
10
2
9
8
18
15
19
11
17
16
10
7
15
19
6
19
4
17
9
18
20
6
11
5
13
16
9
7
16
16
14
17
20
16
20
12
16
19
13
16
18
10
20
11
13
9
16
16
17
2
15
19
12
2
7
11
