1131
2764
1249
8885
9971
7526
1506
6919
5520
8094
7183
7503
5277
2293
4477
8033
8457
6171
8744
2210
1401
7864
7227
2914
1244
5242
6031
7459
7388
8247
6731
757
2431
1086
8218
7728
5213
8094
714
1165
2380
8066
9824
2738
3976
535
2808
6936
158
8444
7194
4441
5559
4757
7161
4411
5714
4060
8262
6004
5898
2820
7553
6602
9095
795
2799
9720
3776
9500
2391
7502
1454
430
7574
3734
987
2461
626
2094
8201
2595
1404
7143
7808
2594
4110
6745
399
4480
3748
7697
9924
3296
6760
4824
8230
3977
5477
3329
9871
1141
7533
30
4984
1912
2710
3247
5276
2523
2847
8105
7598
4452
4032
2671
8807
7796
607
5680
247
1229
4959
5324
2653
2333
2323
7924
6434
9403
2353
8173
6239
7933
6673
9169
526
3443
6628
6434
1374
5028
6722
2924
9905
4804
6779
7094
6448
5742
1631
8036
5022
756
5482
300
2601
1152
2343
9442
2285
4997
2741
611
8066
8071
9031
5530
9030
6292
6325
4435
8742
1309
7007
1882
213
6997
930
5343
4047
3590
8211
3000
6775
3786
4537
1746
8493
332
3399
2294
5867
7979
1767
9380
6190
9944
9794
3375
6210
6669
379
7189
1270
2378
123
5992
4655
6781
151
3694
489
1949
2895
2306
4360
3732
7184
324
1676
4182
1512
7844
2674
1554
3417
9494
5175
5988
6406
6418
119
3348
6267
3660
1588
8511
6554
5291
2387
1487
6432
4231
5089
2922
5142
9892
5731
2676
4194
246
5882
9426
2254
8096
3460
8460
4816
7132
1359
6510
6761
7817
1065
8348
9066
2108
100
6207
1295
6341
789
4032
6511
160
8187
7807
7644
5843
1068
400
453
4138
6411
2867
9820
5789
6726
4591
7441
1019
8620
7883
4508
8038
5964
1576
3242
3994
5048
190
7135
6667
5961
5570
5914
8634
1867
353
2566
9939
985
3675
9244
695
3956
1614
1606
6801
5388
5006
495
7510
8689
1519
2630
6782
5987
303
1249
3594
4742
9138
5037
9697
3858
954
772
5387
9110
7795
6008
2057
12
489
8843
8814
5960
519
8225
8558
3242
957
2861
9330
2707
7213
6008
3733
3924
2578
1681
303
9857
1165
2766
1227
6597
8381
896
6742
6719
1082
6853
1367
1530
895
2166
3589
1803
2993
7953
9946
4803
1888
993
8146
6516
922
9433
7951
6849
1030
5056
2877
8718
4547
7093
861
6694
78
3348
8144
3979
3834
3969
1442
3511
4543
8721
2432
6338
2689
1209
7095
2109
5868
3614
9851
6250
7849
9194
6096
2975
7776
6448
6489
9135
5754
9655
4970
4712
3409
2787
8060
2380
9542
5905
5101
2055
9439
3392
3986
895
9499
8653
6202
7722
403
2231
3679
361
6319
9298
108
2865
642
7639
7126
2282
4468
3560
4760
6609
9498
8544
2175
4600
5747
4345
1518
6558
5617
2807
5295
5481
66
7426
9527
3758
7099
8466
2149
6531
2368
4787
9255
6717
2402
5991
7048
1235
1205
4714
5722
9075
1325
4017
6604
4674
2677
2892
4824
9151
8971
6779
9996
8305
1675
1820
9234
6175
4935
2722
4958
8686
1472
5089
9876
469
4835
4726
2052
732
8531
5668
4899
6339
9343
4665
3975
9183
7231
7727
9566
6591
3776
9214
8412
1101
7002
4110
895
3311
7387
9675
4528
8749
3826
2849
7481
814
1337
4519
2493
4315
1088
392
6968
5909
1970
3612
549
2338
7654
3589
9558
4658
9013
8565
5843
16
5890
6045
5650
515
6283
6864
1855
517
2171
5351
8552
795
7065
957
3544
9027
5584
2778
1646
6716
6444
573
2425
1263
4494
5283
7090
5947
3260
5044
6534
5806
8936
1436
5679
2799
8683
2807
6830
4504
7630
2374
2822
1474
1269
6974
6376
200
5129
5823
6263
4318
9008
5554
2791
9642
4138
5452
2839
6400
8923
79
3944
8795
5392
5760
6569
3447
4960
4691
6049
4908
928
1234
7960
789
2579
9373
3041
6511
5277
1819
5208
3085
1810
2222
2036
3320
5807
581
730
1699
3268
5371
2110
2188
9101
4156
7462
6191
9084
9112
8733
9429
7029
5424
1072
3769
1062
9390
7000
6187
4432
6193
9941
862
86
9829
532
8988
5713
5025
3485
6057
8669
3114
6139
3796
1588
3733
4568
1450
9989
4282
2021
7557
7857
7860
7219
8050
7826
9108
9105
1472
551
3862
1282
9796
7936
6443
4410
8346
5619
1509
2197
8981
1545
2305
5556
2472
7769
7791
5989
733
1614
1629
9789
7138
3975
1249
2981
3700
6683
8389
2750
9779
8550
7597
8755
3157
3317
7204
362
5350
3978
1540
5638
1725
5100
6213
9484
2954
9631
6365
2607
3340
6731
9685
2602
9391
9756
3068
5018
930
2661
8468
1910
7686
7537
9850
6667
211
1752
9300
600
2581
4170
1219
67
5363
4283
6744
1975
6368
3483
5731
5947
6506
272
3030
8607
1392
1971
3192
2053
4817
8804
661
6442
1504
7115
8227
2656
1683
8316
207
4265
698
854
2502
5954
8556
72
2816
122
9949
7872
2598
9149
6221
210
7860
849
3242
2001
602
3612
2501
6173
8092
3936
1746
4329
5481
6740
4905
8343
4409
6161
2553
1539
5392
2486
3292
5993
7375
8664
5254
2372
9017
3145
8647
6051
851
5651
9168
7818
981
8530
2930
5907
4285
8827
7698
1438
2227
6365
2504
9100
6086
2883
9319
7204
2757
3586
7607
305
5723
5493
1950
1624
7393
6083
3165
6649
7479
122
5078
3105
2446
218
4363
6122
8556
4400
6834
8112
6866
3837
7958
192
6763
5331
1399
8143
5130
3484
5344
5828
1542
8246
8201
8371
3506
527
6019
5751
9861
1545
3697
5339
8520
4409
902
4646
5437
9362
4329
673
941
6921
5493
8709
5146
1445
4061
7910
4611
7430
188
7334
2470
6383
283
4439
1519
8496
988
385
9583
8724
9795
1948
4776
2836
5013
9291
2660
6
6472
1301
3590
2902
7930
8257
3816
5198
3261
9789
4163
6565
3087
9275
6077
3410
4329
6249
7821
5228
6205
2523
5466
2512
9362
3543
2593
2909
