6
12
16
30
66
67
72
78
79
86
100
108
119
122
122
123
151
158
160
188
190
192
200
207
210
211
213
218
246
247
272
283
300
303
303
305
324
332
353
361
362
379
385
392
399
400
403
430
453
469
489
489
495
515
517
519
526
527
532
535
549
551
573
581
600
602
607
611
626
642
661
673
695
698
714
730
732
733
756
757
772
789
789
795
795
814
849
851
854
861
862
895
895
895
896
902
922
928
930
930
941
954
957
957
981
985
987
988
993
1019
1030
1062
1065
1068
1072
1082
1086
1088
1101
1131
1141
1152
1165
1165
1205
1209
1219
1227
1229
1234
1235
1244
1249
1249
1249
1263
1269
1270
1282
1295
1301
1309
1325
1337
1359
1367
1374
1392
1399
1401
1404
1436
1438
1442
1445
1450
1454
1472
1472
1474
1487
1504
1506
1509
1512
1518
1519
1519
1530
1539
1540
1542
1545
1545
1554
1576
1588
1588
1606
1614
1614
1624
1629
1631
1646
1675
1676
1681
1683
1699
1725
1746
1746
1752
1767
1803
1810
1819
1820
1855
1867
1882
1888
1910
1912
1948
1949
1950
1970
1971
1975
2001
2021
2036
2052
2053
2055
2057
2094
2108
2109
2110
2149
2166
2171
2175
2188
2197
2210
2222
2227
2231
2254
2282
2285
2293
2294
2305
2306
2323
2333
2338
2343
2353
2368
2372
2374
2378
2380
2380
2387
2391
2402
2425
2431
2432
2446
2461
2470
2472
2486
2493
2501
2502
2504
2512
2523
2523
2553
2566
2578
2579
2581
2593
2594
2595
2598
2601
2602
2607
2630
2653
2656
2660
2661
2671
2674
2676
2677
2689
2707
2710
2722
2738
2741
2750
2757
2764
2766
2778
2787
2791
2799
2799
2807
2807
2808
2816
2820
2822
2836
2839
2847
2849
2861
2865
2867
2877
2883
2892
2895
2902
2909
2914
2922
2924
2930
2954
2975
2981
2993
3000
3030
3041
3068
3085
3087
3105
3114
3145
3157
3165
3192
3242
3242
3242
3247
3260
3261
3268
3292
3296
3311
3317
3320
3329
3340
3348
3348
3375
3392
3399
3409
3410
3417
3443
3447
3460
3483
3484
3485
3506
3511
3543
3544
3560
3586
3589
3589
3590
3590
3594
3612
3612
3614
3660
3675
3679
3694
3697
3700
3732
3733
3733
3734
3748
3758
3769
3776
3776
3786
3796
3816
3826
3834
3837
3858
3862
3924
3936
3944
3956
3969
3975
3975
3976
3977
3978
3979
3986
3994
4017
4032
4032
4047
4060
4061
4110
4110
4138
4138
4156
4163
4170
4182
4194
4231
4265
4282
4283
4285
4315
4318
4329
4329
4329
4345
4360
4363
4400
4409
4409
4410
4411
4432
4435
4439
4441
4452
4468
4477
4480
4494
4504
4508
4519
4528
4537
4543
4547
4568
4591
4600
4611
4646
4655
4658
4665
4674
4691
4712
4714
4726
4742
4757
4760
4776
4787
4803
4804
4816
4817
4824
4824
4835
4899
4905
4908
4935
4958
4959
4960
4970
4984
4997
5006
5013
5018
5022
5025
5028
5037
5044
5048
5056
5078
5089
5089
5100
5101
5129
5130
5142
5146
5175
5198
5208
5213
5228
5242
5254
5276
5277
5277
5283
5291
5295
5324
5331
5339
5343
5344
5350
5351
5363
5371
5387
5388
5392
5392
5424
5437
5452
5466
5477
5481
5481
5482
5493
5493
5520
5530
5554
5556
5559
5570
5584
5617
5619
5638
5650
5651
5668
5679
5680
5713
5714
5722
5723
5731
5731
5742
5747
5751
5754
5760
5789
5806
5807
5823
5828
5843
5843
5867
5868
5882
5890
5898
5905
5907
5909
5914
5947
5947
5954
5960
5961
5964
5987
5988
5989
5991
5992
5993
6004
6008
6008
6019
6031
6045
6049
6051
6057
6077
6083
6086
6096
6122
6139
6161
6171
6173
6175
6187
6190
6191
6193
6202
6205
6207
6210
6213
6221
6239
6249
6250
6263
6267
6283
6292
6319
6325
6338
6339
6341
6365
6365
6368
6376
6383
6400
6406
6411
6418
6432
6434
6434
6442
6443
6444
6448
6448
6472
6489
6506
6510
6511
6511
6516
6531
6534
6554
6558
6565
6569
6591
6597
6602
6604
6609
6628
6649
6667
6667
6669
6673
6683
6694
6716
6717
6719
6722
6726
6731
6731
6740
6742
6744
6745
6760
6761
6763
6775
6779
6779
6781
6782
6801
6830
6834
6849
6853
6864
6866
6919
6921
6936
6968
6974
6997
7000
7002
7007
7029
7048
7065
7090
7093
7094
7095
7099
7115
7126
7132
7135
7138
7143
7161
7183
7184
7189
7194
7204
7204
7213
7219
7227
7231
7334
7375
7387
7388
7393
7426
7430
7441
7459
7462
7479
7481
7502
7503
7510
7526
7533
7537
7553
7557
7574
7597
7598
7607
7630
7639
7644
7654
7686
7697
7698
7722
7727
7728
7769
7776
7791
7795
7796
7807
7808
7817
7818
7821
7826
7844
7849
7857
7860
7860
7864
7872
7883
7910
7924
7930
7933
7936
7951
7953
7958
7960
7979
8033
8036
8038
8050
8060
8066
8066
8071
8092
8094
8094
8096
8105
8112
8143
8144
8146
8173
8187
8201
8201
8211
8218
8225
8227
8230
8246
8247
8257
8262
8305
8316
8343
8346
8348
8371
8381
8389
8412
8444
8457
8460
8466
8468
8493
8496
8511
8520
8530
8531
8544
8550
8552
8556
8556
8558
8565
8607
8620
8634
8647
8653
8664
8669
8683
8686
8689
8709
8718
8721
8724
8733
8742
8744
8749
8755
8795
8804
8807
8814
8827
8843
8885
8923
8936
8971
8981
8988
9008
9013
9017
9027
9030
9031
9066
9075
9084
9095
9100
9101
9105
9108
9110
9112
9135
9138
9149
9151
9168
9169
9183
9194
9214
9234
9244
9255
9275
9291
9298
9300
9319
9330
9343
9362
9362
9373
9380
9390
9391
9403
9426
9429
9433
9439
9442
9484
9494
9498
9499
9500
9527
9542
9558
9566
9583
9631
9642
9655
9675
9685
9697
9720
9756
9779
9789
9789
9794
9795
9796
9820
9824
9829
9850
9851
9857
9861
9871
9876
9892
9905
9924
9939
9941
9944
9946
9949
9971
9989
9996
