9281
7994
4328
2934
3984
6400
3971
8752
9072
3612
545
6202
5273
8058
917
7794
6339
2470
4311
4166
2564
7784
1828
9934
4890
10
3683
2604
8917
2935
5939
1326
1963
833
8704
4941
9103
9615
2340
1894
4796
754
2265
1459
1067
2194
7741
5589
1716
5289
8639
447
7936
3068
8758
6162
2573
274
3889
4769
3659
5442
6857
1840
6356
493
8994
5246
5433
2917
5712
8380
1479
6985
599
4409
4472
6990
3275
5899
6469
6779
8277
1084
3433
6001
1191
3839
4417
3621
7510
8701
1760
2124
9286
497
7343
5090
2149
252
1506
7894
2333
1189
8805
6869
4045
1281
5109
2722
6593
7675
8315
7695
205
9248
6003
3163
3657
2569
5483
6168
5174
630
7302
407
1487
5124
3153
3619
5882
3258
6749
8455
4974
8918
5083
316
2847
2671
7798
6466
1092
2374
4937
8074
7418
3438
2369
2223
3921
5941
5485
7791
6132
5550
7267
4905
774
3245
6412
4085
4936
14
5967
970
8535
9570
5036
6912
8162
4343
9950
1587
7513
7010
4739
6592
8961
7980
9272
8703
3092
5366
3069
8157
8741
7835
1593
4805
1313
5569
870
5963
5617
6586
1740
3061
1644
781
604
4582
2137
3980
5170
6663
4658
9011
4990
1652
9845
7436
6188
6641
644
5729
5759
6359
1948
5183
1180
3375
6866
8691
9250
5306
3033
1508
3864
7995
4209
8300
4559
2753
2489
9492
5703
2852
8693
4859
5661
1435
1866
6339
2353
7784
3478
1273
2821
4769
9358
8431
9298
8700
335
2359
6645
1478
949
1054
3879
4080
5322
7250
6186
3494
7046
5026
14
7981
2021
8801
8900
4601
790
2022
8026
4680
7311
5058
5573
9326
8766
4703
8093
2878
5546
6898
9762
7474
3513
685
412
616
3467
9076
7200
1625
7379
4889
2878
1782
6149
8022
4199
7377
6186
6279
5597
2309
2913
1361
8834
9460
5345
7491
4994
7051
7593
5191
7933
9043
2312
5029
9612
7895
728
9253
549
4685
6052
4238
3418
6099
1435
9664
8251
360
3997
9323
9388
4548
8338
6233
7121
8084
3818
7247
5973
294
8255
4827
5514
9277
838
6730
8971
4705
6597
6217
8510
3639
6478
3206
9173
3529
2569
3491
499
9809
9985
9733
6251
9175
1524
5471
6452
9477
1582
7014
1402
5283
9023
2097
2398
2947
5096
6672
7309
8939
2134
6597
957
6267
6517
7795
6372
9018
6485
8145
4323
7842
1322
4123
2160
9476
8765
8166
9137
9801
816
7758
7956
4182
4623
6030
380
9834
7026
9290
8965
3000
2783
4236
4825
7516
3740
442
3515
156
3298
9425
5680
6172
5421
9024
8637
734
32
2947
524
228
2485
9673
280
355
482
3589
5064
7926
6087
2094
6041
8668
5188
7411
1843
783
7144
6655
2925
6642
8596
4020
205
1462
4189
9784
6135
4393
5568
2633
9671
9883
2032
365
3290
2190
9884
186
9846
6426
1644
2975
2955
7707
7257
5373
1121
1688
7820
2950
208
2096
8894
3392
350
7858
9183
8166
8066
5097
1107
1580
6456
8674
1430
7244
7886
8156
1424
8658
3675
6875
8100
9840
5407
6393
2226
5663
6
9946
8781
8163
9782
9642
5734
4057
8407
4789
9479
5887
9202
3634
3532
3200
9890
7245
7643
3148
3655
3024
8724
3680
8186
429
20
5462
9083
8619
9492
9932
9782
90
7390
7129
1156
9700
8351
3410
4029
9250
312
9688
5547
5593
1518
4763
3001
9519
962
767
4043
8158
5163
5337
6728
1363
8111
7222
7089
3731
5921
7832
6949
5820
6948
5726
9389
7219
6749
7503
3043
5103
9158
8691
336
8496
1087
8718
3266
7773
1520
3818
7692
1082
6281
3791
1943
514
7898
6658
3623
1191
1230
232
4744
6851
8178
2869
3591
4633
2532
9765
5485
4157
3398
1413
8934
4781
8018
1311
2432
4075
392
6209
3071
4520
2610
6633
3357
4814
5608
1215
7311
6314
3711
8735
5778
9268
1629
7649
8660
5084
6488
4375
1968
8867
3532
7890
673
9475
6123
4065
1079
3180
7806
6184
5623
7548
3818
8265
6221
7706
6878
9441
5245
9184
2857
4529
2088
7554
2808
1415
2361
8783
8397
1529
3982
4915
3643
3214
8644
4790
5902
9849
1500
7333
5127
98
7386
1627
5173
9267
6844
251
2544
8380
3047
4653
1390
4483
8188
7427
7160
4172
7530
5046
2775
3712
8893
9058
4456
5245
8325
234
8239
1818
9905
4410
7591
5893
1834
4151
6135
2267
2700
2165
896
7940
8447
8213
7844
2792
7892
5752
1553
5106
8539
181
6842
3855
1441
8755
118
5619
1446
4100
8482
5993
5197
9598
9745
7012
2956
8774
9508
3318
9971
6251
1621
8524
1722
9437
7597
5541
9539
1272
5606
8126
7615
1985
8890
5451
1948
1515
5818
4931
2220
9782
27
9417
3409
5142
1898
3314
9556
6891
8128
2488
6805
3714
9841
106
6940
2919
5406
2445
7822
8757
9403
6244
2587
8204
2523
9015
4564
6030
8055
9331
7995
5110
7469
3022
4131
789
4549
9733
9317
3066
6703
7252
6708
9214
9960
1857
1001
569
988
7045
8488
2212
8469
968
4483
8092
7777
5096
8557
5855
3170
5877
9558
151
5615
4413
5301
5136
6535
975
6213
7160
5781
5918
9430
6802
560
9572
5252
1398
8666
8672
5045
6921
2296
4061
2091
1444
1632
8225
5177
8403
2990
9311
3043
8157
8866
4537
2814
3899
5875
1269
8614
7687
9799
330
8446
195
970
9064
2194
6178
1147
6386
2121
6887
135
7145
3542
1672
5405
2822
6638
6478
6032
3939
3364
8508
5659
2518
3903
8266
3262
155
3453
9997
3735
6718
401
3796
4188
9234
2999
2433
8181
6576
1641
5715
4118
8127
4042
8252
8010
1804
2415
7956
5819
4230
205
6441
6926
1545
9806
4768
4604
8725
1086
6621
7498
9467
4801
890
3482
5700
935
7944
282
3469
4711
1936
8571
8306
7785
4020
8684
3622
5904
3416
4756
3228
5412
6662
4063
3862
1390
6866
8224
3799
7148
2442
2564
1287
5668
7177
2503
9395
5606
8106
7344
5070
2810
8723
295
776
6152
6437
167
6472
2998
1790
5119
2377
348
8217
1874
7759
8643
3715
1806
5253
3228
8395
9866
8869
4382
4053
9096
3139
4167
5578
1370
4710
9139
5216
1537
2195
8202
3698
1472
8231
4532
6924
5599
8353
6424
6885
2907
3675
2066
1464
3179
3043
3714
913
1822
4250
7185
65
2608
5880
4047
958
2331
857
1992
6954
2026
8696
1909
3870
6393
1799
8894
4724
7672
1176
2765
4366
6639
395
8046
7141
9083
1157
6866
1681
7509
6009
8355
3058
2196
325
5474
3977
6265
2412
4764
7799
2761
2331
2411
7119
6199
5098
6744
6634
2111
4866
5407
3112
9232
1317
5195
7901
3057
190
6528
7728
6436
2646
2743
3067
6871
5536
2804
5727
8375
1442
6899
952
751
832
9121
2713
9951
1207
3063
2067
8024
3026
3505
647
4499
2701
4669
3686
6977
7796
6431
8160
1805
9446
1153
625
9118
1964
8360
3173
4729
1408
1618
3364
3619
1435
6075
6414
7107
8543
9550
8787
4742
8734
1672
7775
4492
9141
5097
3473
2528
5177
6772
3959
6982
7388
9558
8392
6732
4284
7779
2925
2483
3641
4572
4637
9751
7200
6796
3603
9657
2952
8002
8734
830
7592
2025
8037
2240
9284
6898
1301
7138
4034
9859
2648
6849
6621
5865
4676
7286
7493
8809
13
4361
2145
5509
9320
9247
5635
4170
8189
51
3494
5797
7207
7699
2262
2357
3884
9521
2395
6748
1284
3626
8612
7088
487
5204
6444
4990
6632
4464
7148
4318
504
590
4765
9233
4648
1248
503
1047
6303
4199
5659
4253
195
9530
4874
2275
3976
8677
6000
4956
4290
4317
8321
4046
4137
9617
9854
5946
5224
4317
8403
4166
2642
5096
8208
389
7074
2989
4306
4232
5917
4855
9118
845
3302
4022
4441
2614
5437
8510
4503
3109
7269
8734
5470
2483
1728
1518
3654
4656
938
7857
15
5060
9263
3866
9311
2004
7898
3483
7590
16
2059
3593
7472
2538
1523
3228
3911
5649
5471
3282
627
43
447
1298
9791
7569
8690
4686
2312
9604
9360
4513
6324
93
4947
7320
3933
8930
5923
686
8809
389
2413
2352
6199
4742
623
3327
2344
7657
4162
6739
552
6194
7317
7196
3607
1213
6754
1540
6441
5914
6575
7457
5958
7077
7283
6870
9262
6804
5442
6937
6541
9849
7831
5327
7063
5031
8413
7188
3088
3074
6763
6535
9162
4511
730
2721
2044
3370
4068
2566
9484
2391
2666
7908
1225
8576
1921
3592
8343
6716
3259
6945
5911
3841
8510
444
4482
7073
4931
5054
4243
5727
2573
9088
8990
5285
9763
1076
5633
1166
3900
7991
1861
9566
1382
9423
3409
7905
9859
7443
5307
5537
9969
9577
9131
8737
2372
3994
8255
5670
7107
1538
3365
4246
2363
2132
9272
120
2820
3594
7017
7899
8094
2602
6025
6243
3319
4933
4977
2237
2284
9529
9999
3700
4873
1254
3885
6956
1007
7437
5519
5548
8689
8979
9993
7369
5227
1350
5995
4413
2448
4535
4650
8918
2766
1877
8028
3402
7152
1882
6063
856
4816
6687
8022
8651
3383
1259
2321
120
4978
5608
8264
2310
882
8998
2293
7901
6545
1049
2875
4502
3564
3182
7878
8323
2401
6779
10000
9304
3446
5524
3133
4982
2963
7353
9108
4809
4286
1484
5867
6391
465
6273
3598
9848
6602
2991
2459
7509
5503
7043
4397
1450
1627
5875
786
7941
5242
2576
91
3840
2861
4084
3825
2875
7914
7035
9150
2018
7875
9855
4431
4910
5153
3659
7796
3447
8157
1
7184
1111
2794
983
2356
9482
7875
4395
1075
3489
8029
7144
609
4902
6936
7377
8557
1786
6247
4954
7848
4986
4745
2773
7776
6305
36
7930
6766
3926
174
4480
537
213
8679
4072
1764
124
3558
634
8635
2188
1086
8007
789
4943
572
108
5478
8024
7280
408
3668
3910
9926
8421
5748
7459
4128
8770
4753
313
6210
4945
952
6788
5945
4940
4034
1123
2184
9507
6463
2023
993
7792
6955
1438
4381
3228
1376
4809
6088
6666
7944
1625
508
9201
7149
1545
8728
183
6880
1669
5884
9944
6050
3400
404
3366
3858
4579
5230
3563
7491
9769
1722
6665
7304
3767
3198
8899
4975
8113
6051
5396
4648
56
2255
9501
4641
8663
10000
6701
8863
3661
6641
3848
4395
3861
5340
746
790
7168
3276
6773
4826
2405
654
4117
5839
3182
6356
4581
6199
4068
9781
5099
8231
8725
5124
846
2882
7153
1116
4584
8803
8197
5221
6438
9543
7310
1733
9244
6292
6863
486
837
9674
1070
351
440
4581
1080
3170
5207
524
8821
8626
3601
9033
2438
1407
6823
9989
6459
2832
652
6271
3089
9035
1365
2921
1192
8788
8624
6416
3507
4511
9857
4422
9241
8867
263
6813
4696
7486
8109
1186
9961
6095
1036
7699
3854
8196
3645
8590
7016
672
7997
3224
1126
1976
7466
3463
1991
7531
1642
8061
9664
2572
1162
8945
5194
7565
5764
6715
3122
7434
6042
940
7684
6079
7694
680
2530
8006
1428
1009
1693
2561
4735
4225
8359
944
9080
7012
9583
4720
1710
9119
603
129
1687
4785
7876
7473
2900
36
2507
9658
2962
5328
4825
9717
4253
8525
1429
6426
8271
4178
5198
2118
2342
4847
856
454
7204
8019
1108
3334
4656
6779
3735
6673
617
7944
5308
5988
955
4795
8742
7939
2490
7376
1102
9639
9579
9717
971
9683
1539
2325
3151
9570
8102
197
2429
7968
8833
6297
9273
801
868
5940
5432
7761
4759
5099
727
9272
509
4917
4999
2505
9942
9217
5397
5672
8078
3652
2312
5719
5459
4670
68
4811
2420
8919
11
943
7268
2539
2195
2869
590
4975
5283
1460
4771
3838
5974
1363
6494
7413
1090
4816
1641
7848
2259
637
3928
7407
865
4103
1459
9264
1600
6181
6594
6506
9061
1914
4944
4427
4710
9670
8786
2543
4330
9151
1409
8069
3584
9096
1683
3440
6860
7499
9687
2391
2668
1128
3791
7993
1752
538
8472
2657
152
9634
3829
1249
7440
9747
2762
5854
3238
1209
1268
9864
9683
5334
758
8532
6792
6314
6894
9384
9288
575
230
3619
6435
399
1814
5574
1044
7362
7734
9347
2992
9047
9633
3152
7678
8110
1126
504
2934
3024
6744
4047
6754
1788
4997
2815
257
2144
3524
8868
6202
3903
3671
4160
7934
9748
8768
4187
8918
9588
1200
1659
6443
6905
5451
1020
7589
5537
2759
2189
3803
6945
5666
7815
697
6151
7571
8842
7776
4075
5497
7733
183
8625
3793
2722
8863
4717
8771
8700
8484
7891
1755
3870
5279
3419
4517
6969
1032
2686
3713
6721
169
5535
3111
292
1710
8616
9300
8681
2457
4992
8130
769
834
8342
1509
9004
8939
8029
2834
3868
6657
644
7034
2286
78
2385
2708
5466
2684
8505
745
663
7092
7982
9401
3243
9652
4694
2667
4879
2127
9604
9121
5884
8191
3893
5786
7220
9973
4633
8369
7871
6097
6683
450
400
5197
6415
669
5331
947
5352
5811
8789
2976
2515
173
2960
3344
4323
6925
7250
8968
9401
5516
7433
7202
688
5538
1117
579
659
8099
6057
153
6172
1367
9176
6464
3369
5522
5320
2163
8541
9762
9358
1008
6480
2424
6662
2836
3524
1373
2052
5318
7845
85
524
640
460
9505
7738
7911
17
1278
1055
3324
6666
5179
6057
6906
6756
1161
4430
8624
3916
7755
6341
5721
8491
5404
4545
9190
2284
3231
6218
8302
7851
8274
6362
4844
7340
892
2561
8278
2197
789
7557
6622
1865
2421
1689
4785
9218
1636
1321
2092
5258
1025
287
7567
5526
2094
9990
2506
2272
8969
7625
7796
8431
9973
7622
9434
8469
8086
5252
8308
2181
3372
766
5747
7455
3431
75
1543
6217
1497
7515
8685
8891
4969
6129
2614
1159
4579
9064
4882
788
5756
1347
5099
6470
7268
3924
9855
699
5556
4104
6868
6148
5735
4110
1328
446
8277
7266
3009
1980
4506
9723
9126
8947
6294
3405
7553
3201
2701
8187
6100
7371
3678
1837
2248
4002
9841
7465
109
5473
7306
5553
5788
1990
8378
617
1160
2906
2244
9844
4034
6591
3901
8634
364
4421
2013
6008
7941
4489
2162
6500
4227
8282
771
4859
9199
8745
818
7672
5754
7917
379
1555
8494
3871
5305
4373
863
137
6696
2051
160
630
1157
2382
1746
7830
8321
1638
1750
1073
4004
4630
8132
6469
1519
8048
1780
4846
8506
2502
9786
6928
4699
162
1103
644
7800
4819
4650
2285
3492
7061
6237
7558
4277
2699
5131
2826
4967
9963
2632
2735
3545
9926
7497
1295
8180
1106
5627
277
332
7814
4191
5841
5535
306
611
9128
8555
201
3691
9467
3149
7964
4910
1633
1075
6804
3342
7188
5042
363
4719
8197
1635
7271
4872
9981
3817
9332
6295
4578
4574
5149
4399
7602
7835
6263
5405
9614
3638
1146
7305
6806
3718
1949
2871
5469
1026
2813
652
1001
6487
4857
2670
4425
2664
6237
6981
691
3552
1257
5486
9721
7795
7710
3981
6999
7778
2548
5714
8812
5629
5147
9845
1091
2467
6908
4268
1357
6710
2634
1627
3036
9145
5083
9610
622
2059
6653
8066
6388
3885
5031
4257
8366
3855
1917
7662
1062
4313
9439
2726
6901
5541
3071
8661
1813
3002
7581
3776
2101
6530
3104
6590
4082
9885
5395
8423
904
9711
7802
7093
9525
3893
8080
8711
5366
4037
4463
4581
961
3315
1754
3869
4734
5904
6570
8700
306
3164
2372
344
5753
7836
3539
3546
2127
3143
967
4713
8028
2906
7673
1441
5610
9068
937
899
8548
2267
1287
2694
4796
1861
4491
3371
5145
4403
7393
9934
556
1216
7812
7080
4317
5095
8822
4033
2727
602
4585
291
2140
4223
4205
9050
8422
2453
7047
2200
732
756
298
2357
253
9586
3604
611
8060
2450
5959
4143
695
1847
7347
6276
950
7527
2685
969
7453
7114
1406
3739
9646
4354
2939
5301
2478
3828
4028
43
4802
8724
5067
5639
1526
159
3642
106
8761
5938
2657
3700
3593
5064
6947
575
6534
9904
1805
4886
4950
9405
8634
2563
4389
6374
7478
1861
1606
5374
2813
1680
8250
9791
7678
2239
4491
8079
2289
356
86
8357
6514
4176
2579
6660
2218
2110
8403
1046
5625
266
5477
5604
7617
5952
1780
6689
2
8510
2881
1735
1758
8603
6056
7977
4440
1825
4258
2759
1885
1493
4822
1504
7663
9896
6284
5218
8682
3061
3968
1837
6997
4059
2527
4741
9239
1829
530
6486
1076
1525
3156
4674
4978
4367
5873
4134
3452
6753
9068
7115
1378
8961
4045
312
699
3310
1430
5284
9096
5256
6369
937
3958
7932
760
836
6192
4632
5552
809
2079
5853
8114
4020
7679
7521
5191
8154
5039
2964
7664
9790
4308
8955
4720
4447
4538
3672
9078
5182
3001
6603
6922
7310
6095
7985
7363
4116
1248
6315
4963
4494
8823
4794
6752
7664
9096
1717
2576
9977
5796
5853
5568
4596
5591
6120
401
8506
3297
2233
8144
197
3295
6433
9584
5856
5445
8335
6901
7786
8763
915
832
3961
9681
9008
9202
4331
9856
1743
63
7191
1983
3376
6721
8994
9614
1116
2278
8158
3539
5926
9527
3901
8703
3343
5861
3507
8587
9449
9714
8265
9476
579
1306
6686
7472
2900
4572
7160
2365
9443
2200
6840
1941
3186
4983
6268
4431
2458
5890
2045
788
1090
2928
6745
4076
5465
799
3019
6790
5763
9214
8278
1377
9489
2980
1121
5993
4920
9425
4524
8305
2036
32
304
5017
7126
8149
3909
7388
7160
6425
7885
3353
273
750
6445
7660
3235
1169
5340
5465
3458
5436
708
8196
1263
7220
7942
4767
9843
7094
5434
4705
2903
4425
9556
592
2336
6432
3937
5787
2936
4287
4320
2582
23
9158
4686
658
4593
6751
4266
3688
2104
2080
5176
4098
9666
3198
4449
3031
358
4110
7591
641
3136
5161
1078
8077
7956
8987
8485
3566
2047
8296
620
6909
4457
6220
208
1874
6326
2749
6026
5608
5659
4272
3750
4240
910
2996
294
9236
7943
5583
4486
5333
6243
3139
1163
6068
3031
9372
965
2202
6577
920
3892
9509
5225
5444
5382
3839
2439
3407
8446
4620
8959
1694
5600
7744
7495
732
7305
4250
2105
4986
8924
8641
8339
4570
8871
1658
6364
7156
740
5747
7233
6676
1435
8911
1854
5457
5653
1310
6776
7018
7755
9560
38
7038
4445
8439
3648
1032
8750
1022
8896
1958
4525
6601
3254
3829
3071
658
1095
6842
9607
8189
2645
5263
7095
2289
6713
6840
5168
8420
3613
2817
5782
1777
5254
6054
4111
7065
5007
8702
9178
9827
6993
1797
4716
2065
2174
2869
8085
3393
5005
9152
2849
5084
3119
573
9787
6175
2944
1580
7036
83
1561
3863
4097
2331
3746
5736
2298
7721
838
9761
6271
3502
6559
1212
7821
3213
7391
5535
6126
7882
8240
8683
1975
1972
2196
9026
8043
907
790
6850
716
8416
3681
4642
193
1145
4831
472
579
5661
9561
2597
6114
7442
6622
6590
4101
3392
9519
1272
8335
9409
1239
9598
3916
712
1591
5538
8490
3340
1343
590
4037
3407
9961
7222
1547
6159
3792
8092
9886
5672
3166
9550
4120
1347
6178
3104
9960
3424
8112
66
6250
9371
6547
1071
4613
1790
7838
2465
3054
7731
6000
9523
586
2244
2357
1317
7249
785
4121
9398
3310
4637
6807
7921
179
3030
2864
9046
6681
7119
7400
9507
8245
7675
4362
3599
6358
2520
6651
1716
90
8678
5212
1686
7952
1011
9497
212
1049
8788
9230
5722
1432
3746
825
2096
5016
1262
6299
1939
5517
6434
6360
3070
34
3606
9263
4261
4929
8652
8995
9709
7890
5881
5527
1515
8763
8816
296
456
7493
9100
6020
5502
5087
2985
2664
3345
9820
2448
3463
8940
951
5373
7687
519
6503
1183
1734
4467
7789
108
6890
7394
6714
6222
6053
2022
2446
3214
887
7540
3131
9947
6029
2387
664
823
2840
6263
1665
4575
5225
3605
7484
2581
5432
4131
4902
1915
4275
5838
300
813
5251
8646
4950
7820
9563
5066
2621
8195
3162
2651
5277
9400
9392
5216
3654
6176
2700
3702
9388
4047
6660
5058
6479
6332
1662
1492
4773
9469
8779
1417
6530
7379
1716
4413
9210
3268
6540
9659
6973
5217
8517
3396
3137
6852
1902
1271
5806
25
9066
242
5378
7093
6636
4470
1125
6327
6398
6016
7478
7145
6737
9337
7268
5522
3439
908
5034
140
2236
1887
2754
9518
2139
7600
5674
5525
9357
5053
3107
3908
9588
8608
4982
9460
4965
3125
5921
4361
5484
378
4223
9972
585
8306
8022
1566
9177
8005
4234
3512
2896
5688
5711
8652
8161
3796
2651
6975
5824
5878
4666
3605
9582
6514
75
2577
5988
8485
7928
1800
924
8486
8275
7841
5304
7431
8827
8155
6453
1694
6366
2091
4042
4314
3704
6176
5227
1013
6074
7301
3083
8965
9846
5922
8766
5518
3895
3407
4316
3848
781
3911
7393
7800
5669
7732
9137
6797
2152
4109
4009
6730
4266
9081
6305
5355
7394
4046
1981
9957
7498
4555
99
1023
6044
8894
3926
7591
4492
771
7009
2370
2229
1257
5680
9236
8235
4274
6584
1560
848
4840
8519
636
4530
5831
470
7373
1969
1914
4043
3386
8574
6085
138
6487
4031
6988
6908
7345
5936
6303
3320
9961
787
4180
2301
6350
1576
2223
7682
443
552
7855
2820
3323
9354
8200
9951
116
4184
7848
7128
3399
4636
1544
9815
4610
8404
5954
1362
2800
5302
7290
9107
4543
8748
4330
636
7771
5248
9853
2257
1403
4835
1528
8532
5336
3318
4080
8143
9046
8556
1484
4361
6976
8807
2184
3755
3684
3711
9138
220
9224
5649
4133
4233
5960
4180
7536
9056
7022
4375
5219
4251
2508
5750
8005
2891
7272
8827
9044
7658
8837
1568
6714
6210
202
3747
7704
9564
449
3107
6162
5584
4094
1143
1590
6507
361
6574
5482
8943
59
5217
7090
5348
929
6180
7627
796
9456
2843
4903
6212
5925
1513
5861
4615
5447
4740
9388
3821
8652
8917
8468
2032
660
4507
49
9439
9814
670
605
1323
9382
7585
3104
3390
3631
4882
3838
6604
1138
395
8286
3570
4363
4458
819
8667
7933
6894
665
2834
8202
2200
877
1409
8176
3921
5977
8424
995
5690
3323
3401
9507
4045
2720
5519
8746
9683
8658
7487
788
2208
3884
4199
9899
7608
5542
1908
2671
1797
9618
911
3342
3152
8257
3863
4117
1308
658
2490
867
851
9912
5724
774
1368
1031
7850
4181
9724
3243
185
2249
1804
8662
40
5609
5271
5508
7524
7136
4637
4203
6905
7085
6178
3604
9414
6023
1010
5393
25
7787
6431
2586
4522
3572
7830
1848
820
2325
448
4413
2029
1174
5796
4382
5335
5624
9386
9471
575
1495
8074
6713
8403
6299
2018
3946
6593
4395
2550
6745
1818
7839
1922
4804
1029
1023
6411
9880
2960
5630
340
7212
5361
3549
2701
155
9002
3245
5493
9132
7179
4677
1168
6479
1362
5883
3603
9543
4445
4131
4732
4606
7136
5650
3375
682
5170
9261
8427
7594
1154
7475
5820
7084
2567
979
4121
4239
7044
9852
4077
159
7194
6127
8579
5474
1032
3603
986
5374
654
6341
5592
5845
6303
441
9739
2207
6229
7105
3066
6706
5678
9193
2475
9840
5460
3469
4462
1278
8986
3608
1942
9228
1986
7050
1303
7429
7515
1172
682
7813
6680
323
7326
6178
1724
9255
137
3384
1393
6031
5469
2469
4553
6147
1749
2190
8923
8958
2878
2444
9759
9910
8019
8903
3797
3672
6736
4573
5182
9781
5976
6286
8078
3347
2610
6679
1754
961
5550
9482
2364
1436
4358
3526
3493
2679
9375
7352
3362
1306
239
3838
9255
8921
7448
1236
7623
959
8386
4237
5094
7272
8119
1887
2774
4120
4008
5819
9373
5547
6973
4967
3352
8650
1050
5386
9768
567
5613
6644
6955
5845
7379
9431
9222
262
2794
966
5518
1042
1393
2953
5622
7873
7420
1098
8162
8646
2884
1663
4650
5945
7979
9252
3498
255
1533
532
4358
8247
2770
1684
3067
9859
2960
2396
4049
9377
4349
4739
6092
2102
4866
7846
7138
1830
7115
9988
4279
4370
9770
3129
5651
9870
2812
3013
9861
3677
9923
6617
722
1788
8051
8797
2870
6041
9784
8272
4426
2814
9588
6269
9286
8317
6503
1735
3966
1225
4423
4465
4984
6574
5871
1405
9502
1359
7939
4078
239
5498
8769
5755
7408
138
6515
515
415
8985
9905
2744
2200
2480
3348
3066
8912
3916
2965
6609
8511
9359
7092
997
9675
4144
8853
6893
9055
5839
1028
5779
2906
1449
6009
5681
6324
8485
5719
1978
3867
8441
7246
5031
7148
4348
6336
7212
4238
184
3601
9734
8184
8075
9831
4340
1250
1099
9777
7151
8072
5155
7028
280
6187
1359
7024
6460
5666
608
3986
790
1887
2764
4419
4001
8604
9653
9773
408
2051
9140
7085
3677
5325
8642
7171
2082
3666
1139
8775
4935
5551
7759
1543
6128
4950
734
6171
18
1343
7328
7785
1771
5228
1830
1779
7195
8059
6896
2958
6722
7636
2068
6014
3544
4642
6119
5278
659
9391
6204
1051
8056
8551
9799
6032
7265
7871
9868
8684
631
3998
6776
9903
6924
793
3931
6772
6216
7549
113
6968
1487
8245
1196
1705
715
5276
5392
2073
1018
4684
7098
690
5830
2405
2318
2883
8013
7977
7947
9497
6462
4404
4413
4969
5023
5481
1999
4825
9501
2679
5115
5742
3312
4410
2448
3168
2170
382
7983
7130
1165
2767
3538
1134
2742
251
2056
2437
5882
4777
9153
9588
3835
9987
2035
3066
4391
607
7463
1350
7933
7772
2947
3429
4956
5639
3109
5609
8874
4300
6888
821
1998
6010
9094
3476
1403
2783
4715
3402
346
8035
1873
195
8083
6081
3005
7863
9895
4368
2614
5295
6892
1072
5773
8993
7302
3951
9869
5670
1647
6987
4897
6061
6387
354
2732
1417
8266
6373
2761
7109
7682
4763
6383
6440
1593
8306
5536
7427
6916
2976
4127
5688
5615
311
6460
6260
6786
5447
3422
6205
684
622
108
3655
1534
8746
775
1327
1206
3167
5703
5163
6246
4340
3760
7753
2081
6024
8544
5091
8450
8082
2392
8660
2169
9270
597
6645
8643
1475
8971
6032
5141
1849
9405
358
8228
5176
875
9932
3636
7811
3016
3631
6042
5908
7846
2424
9008
7881
7313
1115
134
6524
5765
3129
8447
7280
4780
4598
3599
9719
5048
8277
3790
9584
8185
6079
7033
7470
9116
9666
486
9780
5073
6982
1442
1997
6567
7067
6570
6520
1862
2510
7586
8112
8616
474
772
793
2053
5739
6728
294
3785
4639
7500
1288
4516
9077
6769
6353
5599
6375
9651
1399
2134
5859
4546
6452
1830
8324
9425
9977
9587
1089
7899
3043
9846
987
9581
6006
1731
3130
8819
5413
8547
945
83
340
4018
2189
4528
4085
2086
1853
8252
1470
9578
2843
8990
1980
7831
2313
1227
6849
9662
487
6276
1000
3428
2689
2956
9897
8138
804
3685
1352
3832
1345
9078
808
2822
5290
682
8413
23
6970
6007
8239
8370
3681
1690
2123
2414
8077
5068
2595
8185
468
5875
821
229
3134
1000
3273
2912
6399
544
5747
7262
4722
2201
745
3957
4193
5427
2591
741
8688
5304
7966
946
9466
9497
4739
8847
7012
2263
5971
2265
6685
2795
2668
6461
7239
4994
7623
6215
1855
3305
26
1000
8807
7504
6394
4642
7542
4910
7869
9428
6725
6610
125
8685
506
8385
1545
5934
8065
9280
9429
8497
5830
6975
2658
7056
9984
4704
2233
5043
503
9508
9744
4314
4758
7185
5871
6883
9324
8769
2060
9656
4236
3177
9986
6568
4788
9428
240
1248
666
7596
5054
8614
706
2837
6347
8370
3245
1286
514
4217
5068
8868
1130
7464
9426
6989
3884
7209
3031
9262
3408
725
7064
5794
6048
1302
5436
839
7150
5656
1794
1694
7985
2236
9062
5823
4667
2167
4802
2103
230
8925
9217
5135
9052
7670
671
3866
8374
9723
6716
7098
4988
2736
3503
6704
267
4749
9111
1390
9749
7066
653
939
1043
9494
9509
3154
8725
6228
5124
1031
3897
7251
9083
9304
1194
2633
2385
1915
2096
987
6303
6154
6181
9195
8964
1815
7736
6351
5289
9885
3354
9242
8303
5942
5766
3465
2020
6963
2462
6236
6325
8907
8480
4254
7517
1682
1079
2611
4316
9285
6942
1054
9667
2304
2095
2636
4683
8428
8202
3568
9061
6968
9457
2540
5148
563
9248
4360
7527
8804
6058
7939
1610
9462
4318
8739
5612
723
4345
3706
2420
9723
7669
679
7084
9137
3582
5190
6056
7602
7045
4838
1296
8387
8350
9716
4072
295
9268
7177
8320
8442
845
8701
7832
1756
7128
3462
3180
7053
4930
9569
493
6961
8487
9387
2575
7905
3446
9341
5823
2990
6334
8898
9613
594
2324
4599
9671
4389
4151
3678
8502
3065
2138
2158
6641
5394
2752
2490
2975
2517
1815
1740
6795
8220
4474
2430
7968
2468
5002
3637
9587
6067
7912
7467
240
8745
8697
8407
8669
3554
2939
8907
6171
1716
2759
4026
1594
7644
4044
2948
236
8879
4603
2879
1138
2432
3954
7652
8674
6717
7776
7763
3482
6070
5879
8739
7167
9739
5295
5546
9950
449
6518
8390
131
6513
6230
6422
5608
4284
1567
6615
7717
4367
2484
4975
486
9343
8530
6656
4074
6050
3785
4329
6055
9034
6383
2607
9339
366
8346
5027
7662
6566
6348
3376
227
7187
9852
2516
2477
6008
5358
7801
4286
9753
276
8686
6907
3343
9501
8710
3259
374
4492
1789
2174
4243
5045
227
4347
2372
9312
2310
2993
2038
6031
2320
9487
4301
1916
6058
3471
7604
2396
9179
8076
5105
2320
5778
7685
3700
5578
4364
4442
7644
7516
3250
339
726
8987
706
5552
7107
467
3256
4555
4532
1317
7688
714
389
6908
2043
560
6339
1485
3908
6835
7835
1563
8222
3192
4929
8730
7204
2426
8809
8476
2764
5658
8454
7320
1329
2065
5325
248
4715
6368
4597
4817
7117
6776
4221
510
8731
2022
425
4789
294
3782
9659
4859
4854
1512
746
6883
867
1632
1522
2737
9279
6103
6759
4589
4899
4048
9271
7475
1829
9173
1164
920
5443
4399
9354
7879
7982
211
9387
5833
5446
5130
6612
6978
6590
6234
2868
2040
2300
9888
5257
1199
9007
2799
2990
7024
6029
4385
3573
6152
6552
3804
8909
3660
8237
6240
400
2667
2473
8877
7212
3211
1479
4994
684
2597
954
5584
7858
3229
4868
2237
5203
2474
9105
6164
271
932
7251
2169
4763
2795
4650
6010
5645
7491
5408
9185
3571
6605
4878
8183
5649
3602
2463
1971
981
4424
2463
9199
1529
6087
6767
9291
1204
2757
6120
7979
7133
2125
9609
9707
1373
4463
3918
8051
2639
7361
2655
1734
5895
4434
3811
4676
9341
6703
4047
1216
3685
111
9616
11
8683
4297
4816
63
6288
7365
9399
8360
6380
4672
8482
4188
1023
2713
5465
1612
6728
4392
3807
9618
4928
3854
9147
2618
1108
2312
8302
3726
2478
8013
448
937
415
6855
6140
2045
4971
1166
1028
3247
416
2560
242
8272
8772
269
8925
3847
8059
6414
8436
2154
4562
2581
4922
4844
2715
272
3934
176
3173
7271
4693
5739
7687
837
8999
360
7368
6772
3555
3157
8382
2449
5087
3450
1650
9966
7088
2986
4220
2198
3874
9649
6737
683
2564
4862
8485
7835
6308
5611
2590
4849
3554
4823
4231
9048
9620
516
9437
4459
1414
1500
8938
4871
2459
9759
3627
2642
804
4359
816
548
2508
7900
3712
8819
5342
5908
5351
974
9203
3154
6909
7839
8924
8719
9379
4115
9128
230
93
8086
8386
6873
8503
7335
8187
7186
4757
3771
7903
451
5851
7693
9959
911
3669
5539
2202
9345
1156
9452
3664
6938
3462
21
3733
9337
7504
8283
2822
5794
8795
9914
3340
7745
7849
7764
5970
9911
8178
3646
5092
2323
431
8580
8406
2717
4034
1421
6478
1787
1280
3017
9407
2038
5644
8150
6339
8775
8338
4370
4964
1035
7436
603
9991
6518
6852
9842
7877
4947
4935
2526
6567
5994
6930
2829
798
9066
8140
5798
3981
5333
1632
9593
3443
9163
325
7095
4281
5087
7420
8654
1444
4598
4453
1629
9799
9517
1245
9510
8248
1722
2888
6625
2909
5611
2648
6477
339
7387
4200
449
6907
3699
7255
2833
321
8237
4724
2940
9242
9251
258
3970
3370
7926
8648
3011
8624
2011
6712
3491
4846
8895
2617
3785
3032
6172
5396
5543
5320
260
5720
2099
2540
1465
1898
6132
3101
9311
3084
9401
5036
7209
9320
5811
5835
7920
6314
5218
1110
2674
9320
7085
2476
3879
5662
7035
7374
191
7290
3631
4642
7992
721
9313
5060
155
3068
3302
3370
9797
115
5857
563
7699
7443
9459
8411
5831
2399
5438
845
1208
5313
7640
2902
8646
6923
4315
3186
4058
5999
9593
9621
7531
6855
5357
1208
4733
2769
3004
3757
2548
3275
5994
8369
567
4071
8232
1902
9760
7803
2619
698
8223
9944
9993
6415
7422
9396
6077
8360
5632
3254
1802
2020
9538
734
9115
3642
1395
7246
1592
2186
2144
1833
8054
7244
3704
6151
9238
7639
9054
2610
7821
2703
2877
8240
8531
1468
8790
2253
6356
8180
8564
819
3557
1892
849
5993
6561
5456
4961
8758
8913
2276
1084
4769
2057
662
3978
2679
2943
4795
7590
5319
503
2722
2645
5885
1226
4065
3312
3017
6181
5322
8124
9131
8622
6233
3339
4622
2033
3197
2971
6494
6968
7376
5133
6391
5929
773
4096
9436
9321
4013
4492
8960
4718
5462
8138
148
9347
9937
1920
4846
452
9006
7259
5282
9785
8390
2645
6079
8320
1989
1142
1145
5187
4258
7622
2559
3048
6604
8992
5481
3207
2579
4675
1439
7718
1568
5602
1864
7376
9057
1723
5326
4581
8341
4165
26
2955
9104
6114
9682
5602
8348
6596
2396
453
5037
9260
157
5195
4159
6253
8082
3661
9550
6703
890
1859
2370
6208
5582
3080
6581
7973
2958
3532
3058
9278
6842
1575
8427
2375
3017
2842
4967
442
9130
7250
646
9730
7988
2326
1555
5131
348
2416
8917
4245
2547
9177
353
3031
9001
3308
6256
6977
9746
7916
4665
8105
2707
225
90
8247
7274
7102
4136
1900
5255
1758
8753
6429
8218
6797
2522
1486
6218
3619
5290
2953
9807
1835
5394
4829
7869
1714
6487
5427
4302
8026
6062
9148
5531
3950
5810
9287
1175
6240
7733
4479
136
2414
7953
2416
2066
8068
2122
8602
5585
6314
3154
6350
7506
654
4952
2085
4639
6797
6158
1360
2694
3978
2389
4010
4246
8657
3111
2010
5605
7781
2193
5461
4512
3477
8043
5152
8623
9150
7301
7459
9476
5514
5008
8216
1392
8822
983
675
819
3617
5000
9772
9934
8256
4930
583
1766
1710
8364
1637
7784
3745
5456
2035
211
5064
3987
3376
9814
5424
5889
2061
8071
2358
9417
9260
2525
1670
1619
6987
3083
4082
2778
6346
2858
7199
3418
7735
1698
9129
5238
7051
6004
5415
2550
7086
5350
3481
4076
6789
9420
3182
9618
1516
8783
4626
7953
1230
2333
7988
6864
9713
3086
901
2071
6527
9870
2188
8815
3886
1419
2039
2953
8449
1213
5836
5031
6216
6028
5326
843
99
2707
5259
9226
7044
8928
2818
5692
1793
6244
2114
8242
8505
9133
925
7173
1070
7741
7755
6263
9792
807
1483
4408
4091
8342
4949
9880
4310
4458
9994
8995
4461
2016
5453
1710
9513
8588
6459
1549
3082
9862
149
9630
2134
1694
8638
229
5996
3261
9648
8373
6161
9098
1673
8712
7852
3541
7987
3195
8045
7107
7842
6921
4231
9303
1782
1539
15
9833
4208
6633
188
6422
5185
2039
7982
644
8093
4446
7132
8416
2399
1645
5478
8326
7958
6285
3176
4668
989
7942
511
6700
2169
3457
9222
2748
4075
2123
3674
587
9733
8787
7788
7610
9353
5121
84
1876
4045
754
6355
428
491
9460
9601
6802
7685
5658
4308
8769
3205
956
7330
584
4147
2687
6862
6802
4864
3148
6622
8629
318
9872
2253
372
1250
8032
4989
2001
5186
9910
7956
5187
9977
6300
1447
783
1322
3796
8260
4566
4865
8593
7577
7291
1572
486
3506
4415
9192
9913
6895
1067
416
868
7300
9673
3009
8776
1579
7824
7521
2525
3876
7562
2749
4219
7164
3619
5529
686
4187
3696
9955
2586
6199
666
5969
7211
4711
8102
7736
9479
4162
7586
9822
658
5125
894
8967
333
6819
5796
5244
4397
6
8629
4091
2163
1316
4034
3783
9469
5390
5203
1647
8057
8546
1112
6348
2129
3712
9674
8836
6120
1481
2813
8429
5471
2019
8293
4939
548
1001
4353
2713
6375
2303
5176
3574
2138
2692
7151
1655
4357
6704
8772
987
5524
1788
7114
8492
3053
2641
3281
2896
4401
361
3409
9375
4575
4882
9347
959
1631
7969
1772
3916
5762
3027
5319
3139
7411
2174
1150
5997
6794
8294
1221
8089
6813
5755
6707
1826
7843
4528
749
3936
8039
1622
3329
6074
6757
5863
3388
3689
7076
5791
424
5735
7648
6789
6390
2854
7427
4759
1251
670
6831
8483
7146
7678
5786
1602
3687
9124
4631
6270
4835
2567
7197
6725
2865
8449
4822
2486
6115
411
5350
520
3034
2368
6966
3081
7048
5747
3004
5652
6499
9693
3433
7452
4713
9710
4990
8949
2011
2853
2972
3346
5591
7883
6167
2200
454
3049
9926
4018
1118
9161
8425
9582
8037
2586
6839
4148
6259
3150
1892
4023
2114
6126
8363
4564
8293
5277
8750
5319
3042
8937
2087
6302
2877
1838
5833
5493
8259
612
4056
1567
2800
1273
6018
9078
461
7338
344
1914
6489
746
957
853
9107
8373
762
2912
7073
5022
4076
3358
9233
5285
1659
2758
3881
1476
7463
7550
524
4808
3985
9826
2540
4637
8435
2596
279
1011
7629
7678
3776
1612
1437
787
538
4919
7066
4787
1587
3527
7197
4685
651
3260
1613
1071
6655
1891
9398
6697
8406
185
4437
9839
5448
9387
9602
2989
3446
3977
5625
2629
1066
9016
1767
2659
8556
951
6207
9778
669
5386
9542
8824
9700
8386
4449
444
9603
4317
9656
3032
8517
6697
4487
4361
342
6996
9633
5667
1231
6096
6642
3826
2076
7154
3471
2283
2540
841
5692
2033
8101
6443
410
8899
6929
8587
6554
3650
8873
1319
7795
4113
2412
8990
7644
5061
6683
9103
6646
5804
5189
5964
3321
3706
7610
702
2746
2830
990
626
8245
5555
9805
5648
8973
514
5029
6252
5725
6197
6164
2517
6330
1974
9919
491
3527
1494
4731
5151
9060
8810
9356
4898
8709
7888
4968
2303
1578
9359
9799
804
2160
1372
6954
299
9443
1865
2981
7704
366
9864
5386
9291
4113
8733
7874
1189
8510
977
763
1639
7136
2963
7145
9237
920
4617
1706
6170
2677
132
6971
7509
1391
2865
2464
2049
8272
3516
2036
5683
2192
9983
4317
28
3868
5416
8106
9407
2546
2937
2941
6556
4060
713
9231
218
8454
8856
1668
5027
2046
9231
4796
9273
2759
5542
7043
6982
745
8463
5494
3826
9672
8975
4994
1518
3440
3837
4603
909
506
8755
2117
3522
4510
9442
7907
1219
5397
8018
9706
5053
7385
3270
1056
3106
8555
3214
1207
3870
1616
3622
9376
6727
1322
8092
5581
67
3903
3583
7096
1059
504
1490
6937
5708
872
8192
3240
7990
8327
586
3391
3230
5770
2108
8619
2662
5312
9565
8863
6509
3259
5381
6069
5785
9865
1769
3666
6063
9759
1106
181
2549
5793
4747
6700
6768
4240
9257
5826
5431
6640
5429
9769
8088
1749
9189
3248
1928
1498
1529
6737
454
5021
4560
2394
5081
5178
5723
3749
24
4787
2041
8039
6056
5673
6962
1105
1536
7657
2095
4054
2760
7414
4822
8970
2048
6606
4004
8739
9245
1500
5347
2656
3150
218
3803
1586
349
6337
2117
2506
1136
239
3050
1857
3887
4291
106
590
1857
6839
7640
7016
5247
5435
4770
296
1626
2506
7823
7689
7800
4891
7153
623
5497
4342
1547
8881
3512
7985
7660
9189
7421
4919
4056
1095
7375
5764
8535
7189
4070
1263
6695
7338
9727
8595
7837
2325
7465
9692
7897
4997
9965
2795
3527
163
8826
9014
2066
6300
8286
7439
2291
3802
4608
7599
6359
8398
8202
8255
3070
3164
4325
2851
2368
8850
2220
1411
698
3734
7651
2088
9526
4172
1888
1423
217
689
3191
9852
341
5751
7027
9071
6335
6765
2176
2396
6683
5513
6182
9657
2515
5685
1904
7609
4710
8756
8395
8239
9741
7199
8138
9730
8362
7441
3686
12
9897
8251
8354
2926
2872
2148
8508
4708
8243
8113
800
5280
2504
5693
4615
1414
409
5637
1324
8627
4111
8035
6127
6507
9372
4948
115
8654
2457
3128
8946
4038
8094
9206
7984
1471
5328
7561
8828
2259
1620
4667
1555
1105
5074
4269
3039
2057
5572
3424
4205
7447
9470
259
7260
7882
8488
2809
833
4784
9959
6838
8072
7424
6378
7078
3717
1059
4127
3610
2312
8591
1205
4848
62
7986
6557
5837
9332
4424
8826
9706
9095
1256
4183
9449
8759
5681
9671
498
6778
2701
1016
2606
9052
3679
897
9167
5252
7870
4042
2186
7298
6046
2475
6866
8853
4903
7565
1378
9193
1636
1612
1383
1885
8571
8926
4456
8467
7636
1005
403
3136
983
4640
9749
7603
1430
8312
2709
7490
3653
678
2541
2992
498
3034
1990
3739
1380
9622
1856
6866
8532
3632
2507
4180
2514
4823
1572
9444
6662
7085
9775
3720
6212
467
8734
144
8891
7874
4299
179
9066
7077
9400
3781
8463
2212
3760
6518
9182
4508
8361
8660
1978
5898
7737
7792
1635
2470
4482
9726
1452
3484
3436
8950
8951
4661
8157
9799
5552
7268
8999
7179
7491
1565
1214
1910
346
5984
9572
3688
6343
4883
1315
4050
2859
9277
6135
3541
6560
1471
3510
662
2489
397
7868
8061
9204
5306
9927
5229
1737
1074
812
9310
3571
6192
5668
6806
2727
1968
102
6662
8629
8015
5266
2288
3434
8334
2903
6055
3247
4886
194
7150
8706
1637
5957
7491
1280
2758
6367
7893
4571
159
4733
1279
333
2644
6269
6281
3146
7993
4746
8244
9547
2804
5577
9427
7180
9841
9839
3945
5715
7711
3997
1741
4971
9159
4873
5242
1645
9485
1066
4979
7338
2752
8287
7604
5640
635
1725
6275
2982
8734
7476
2357
7917
3430
9772
8013
8597
3880
8065
448
2673
7694
5272
1700
7640
104
1901
4263
8081
1348
2459
4283
2298
216
3687
2735
7205
8363
6281
2473
4720
8867
9783
2623
3999
2650
9824
4500
6440
6794
2306
2144
5387
9239
4841
4409
7164
9500
2469
3565
878
6477
3990
290
9854
5323
6903
2756
3305
4375
8372
2221
9067
1470
5801
8084
2229
7250
6392
4860
5034
8601
4742
972
4038
462
4419
8431
7004
886
709
7410
1690
2765
6064
3147
8347
7935
3588
1417
9353
3506
3890
214
3756
1040
860
4824
628
7619
4953
9543
2655
8617
273
7850
5319
8871
8107
1146
2299
4362
9521
8712
9016
4968
8092
3178
6548
9653
146
9488
9208
1410
8584
7173
9495
1903
5877
9329
591
1361
9286
3259
2586
2847
2439
3228
8513
1142
3108
1119
5790
6333
9389
4036
7693
6643
4351
4900
5023
7524
709
1166
9658
9498
5194
7712
9360
9343
6937
8802
2409
5489
5907
5724
7600
7679
8860
5735
3640
5984
435
4321
793
9251
4124
3754
9483
8992
4396
8331
4653
8717
208
2039
2339
9421
6891
9434
2634
3412
8122
6622
7400
1845
8693
4524
1573
9948
9092
4927
6448
3799
7547
7796
7648
4943
8068
8382
4152
6436
7159
9686
6869
5079
4297
447
3415
1617
3695
5799
329
880
9421
9482
4127
2867
2559
5441
1948
2490
1186
7527
5341
512
8400
8124
4646
7941
4679
5491
7990
9908
5269
3126
1849
6771
2531
4873
9754
1497
602
1868
6915
5402
6934
8714
5699
9629
4629
1102
5562
3102
5132
2501
3268
7120
2599
9086
8783
6986
4827
5502
9051
1458
2922
6369
5726
6856
2993
1210
8273
6185
577
5820
9130
3924
9225
4113
6566
6712
9868
9927
2611
4652
532
8539
855
697
9251
5069
3569
50
114
6291
906
2948
1272
9242
359
7544
5720
8758
5550
6069
4664
8763
7491
1314
2201
9380
6878
2873
6088
5169
3162
1303
224
4974
8844
6672
2633
8269
5966
3072
1313
3030
2167
6988
4677
4197
3865
6567
1085
9617
6839
545
8722
3837
9345
425
3788
872
6205
6771
2476
5999
9924
7524
9890
6993
8246
4314
3500
8803
2971
2217
2780
2250
2647
3728
7157
4374
1960
1578
4274
591
6287
4113
7411
87
8265
3884
9956
3374
6713
8505
6556
709
9908
4406
95
7802
1561
6185
9504
4146
2731
2544
9271
2085
6220
835
9707
9970
1815
9125
7564
7539
4794
7481
9263
2924
5935
2272
423
9325
3941
2561
3852
9943
5056
8514
7835
4267
5369
2707
8426
1486
8259
202
9558
8617
1276
9320
5131
1212
9436
843
1263
7650
7197
7261
3595
176
9430
8617
3943
3160
9606
5613
6801
3930
1882
8171
8746
4921
9515
9738
9693
7515
6375
1034
2573
6394
3274
8917
2778
2473
9672
4224
7983
8752
1674
7025
8379
2024
7347
4682
4218
8162
4846
3987
4607
9745
6310
6870
7072
1448
241
324
9662
9374
6538
949
3872
718
3130
6589
1739
4619
4226
6009
5584
1953
4839
8713
1970
3814
2266
872
7154
336
2787
9622
457
9872
5769
4806
6161
4412
6401
6755
8704
6682
8689
9870
2866
9495
9472
3
3955
4168
3100
6506
9798
3208
4454
7289
9316
6417
9358
630
5092
182
8711
6505
6163
4444
6471
8736
4961
5048
2318
1389
3000
3779
848
8394
1321
5803
3072
2381
6596
547
6058
7478
5524
3627
7021
6693
1078
5802
1204
4808
1572
1495
8736
8450
7682
4647
4308
7944
2339
8721
9132
4133
6377
6702
6666
7213
6135
2972
2446
7710
6373
161
3762
4610
7808
7756
159
2561
2763
2871
768
2420
3878
3609
8801
852
6297
888
1875
3121
8349
3499
7391
8558
5911
3069
36
9114
7170
2958
8111
3690
1096
7748
1606
3537
1484
6144
2689
4481
3127
6155
9509
411
9774
526
4862
4867
7980
3872
873
8655
6833
5802
5419
3054
8518
7655
7762
8341
2876
9127
2342
4228
7761
1715
7962
4920
6862
4938
7621
3257
1647
4762
4600
7940
2959
8091
3404
5443
2880
5861
7929
7831
9572
3873
7045
5064
7532
1805
5767
1715
6506
4073
9479
4130
4372
4991
6756
9562
8664
8816
961
4878
5254
5144
461
8848
15
6291
4093
824
1224
9434
6744
493
7307
7510
2399
4832
4986
8421
7832
1448
6480
6457
102
2391
1798
7981
5382
7036
1823
1892
3671
434
2385
9866
1975
1350
7824
8652
5463
630
3001
6419
10
916
408
8315
9023
3305
2950
3618
568
791
4498
171
903
4167
2075
4466
7092
1649
7015
2907
8253
4634
755
4787
2155
1320
1544
9464
2732
7984
6758
692
4819
1792
1840
1620
8744
361
435
1240
5517
9620
5236
2387
6798
8518
6869
2161
7652
3806
1156
5560
8614
8379
9745
7304
3244
5626
3177
4460
5010
4812
8531
1138
2566
1127
1655
2583
1214
1651
6774
2171
2072
9893
2842
2308
5088
3064
9563
4479
5639
7639
3050
9601
5494
6279
2046
7595
8624
8945
1512
268
9228
7533
3541
1184
455
9834
8369
294
517
7787
8690
2848
8352
9403
2536
8676
911
7121
1134
6943
4324
7806
1421
5176
6946
1891
4382
5394
3688
4256
2666
4604
8863
9576
8016
1331
1020
2128
801
5255
7490
8373
7484
3162
6535
5421
2785
4325
8401
5397
1556
3861
6109
8922
673
7938
5308
7076
5606
5296
7403
2492
3873
7951
4797
8879
4726
3533
4311
1322
7869
8380
9703
8373
2615
861
5330
2844
7051
2331
5833
168
5809
2485
1511
8605
921
9299
3706
7996
5881
4890
8363
7369
4114
7738
5692
3031
6765
5060
7165
6543
600
8905
3514
7567
3639
3454
3141
3311
7992
7324
3771
6718
2695
4
6934
8699
2107
959
9167
5377
9467
4003
8829
1386
2705
8593
5774
3988
8681
8795
5953
2016
3861
4644
4590
5047
3953
3904
2131
5047
4765
1082
860
908
3821
4500
6029
9178
5081
7417
7023
3157
1297
6895
1381
659
5537
3336
9433
4074
2333
2887
5592
1988
6793
3967
2519
6801
5592
9367
6513
7451
6559
7898
8958
7300
9828
1452
9985
3851
9608
8166
7342
2350
2687
9218
1782
9850
8344
5458
6064
5213
9037
8731
2038
9036
121
9199
2825
3745
7728
2648
914
6285
3680
1520
8631
3067
9506
3245
2213
4180
4621
7866
3584
5055
7191
3329
8933
1584
3145
3157
8887
1201
4670
7355
2798
2479
5815
9848
2121
2027
8926
6821
7435
4545
7589
2672
7625
3269
5339
589
1967
425
5514
3497
4234
1915
1952
127
4805
4907
3479
8627
2259
6859
243
6027
8229
6783
120
3726
6329
9187
4854
9876
1024
428
7666
45
7946
3798
2738
8831
3296
9949
6404
4903
5710
7032
7291
9376
7691
111
3767
7969
4710
349
7073
8672
4495
9808
8800
3316
3679
4349
7994
1449
7189
8001
4091
9165
381
1235
1259
8871
7535
8277
5775
551
1906
2537
8286
7368
27
8943
158
4466
9670
6716
5787
6509
959
247
8451
847
1710
8046
6465
646
7901
5237
6643
5538
3975
1998
8554
4745
4638
8244
9791
8446
4057
1697
3645
4012
7768
8496
5502
8012
6374
7421
8037
4262
5594
4072
4757
6035
9994
1352
3884
7729
5500
28
4080
8513
9434
8541
773
7690
8994
6495
9943
496
5479
3446
7370
911
2455
9525
412
7905
7514
2978
164
367
228
5462
8441
6996
7815
4784
2001
6877
3720
857
1317
4829
8300
4834
6765
2285
5982
7129
5661
4737
5696
843
7867
3333
2124
1155
2908
8966
5446
6065
1451
9917
5696
517
997
182
4729
6506
7076
5519
1299
4641
6245
7340
6047
3362
6856
23
9352
807
8420
68
8488
5556
8884
6947
3019
2846
6034
207
2174
6780
7982
7955
483
1803
7164
2668
4324
4763
9959
9338
2722
6391
9766
4496
4601
1538
1641
8602
161
188
4591
9790
5812
3573
2360
1964
2167
6264
3122
7759
1671
9320
7442
4693
9137
2841
3537
8747
45
565
3585
1954
5192
7935
1930
3118
6077
8548
8309
5820
7488
4477
6964
1299
1863
7745
5948
2996
2388
9016
1024
3884
5971
6346
5867
5544
1597
8037
9465
9943
3959
5550
9555
411
6378
222
2118
5449
6879
5406
7807
2961
3527
3822
8645
935
8548
8046
1490
4559
3576
6512
1935
6712
1720
9220
4396
4015
7708
2675
9353
4740
2438
2792
8499
1561
7452
2920
2622
1511
5604
834
9403
4539
331
9298
7527
4046
4753
3119
7233
2162
3957
8276
4949
5944
8729
4060
2569
1182
9810
3622
211
1733
6414
1848
2357
1553
6897
3008
6262
8314
9662
9414
8110
6608
5535
1805
2190
1147
4178
7784
5578
8224
3728
3465
8084
9407
3450
8373
9862
857
5234
2003
8604
608
4899
2291
1244
6342
558
7963
3762
7207
9235
6509
7612
6003
664
9252
2830
6595
5337
2653
3635
877
9612
8931
8162
8275
9183
7026
5401
389
401
6573
1080
2071
5097
4987
4956
7885
1511
5228
4342
9842
6294
5450
4167
3560
9242
3595
3755
6058
4475
8882
6608
5710
6510
9205
2097
3014
5533
7865
1571
4325
5762
2713
4123
6558
4581
5654
7289
2296
767
744
4054
6735
2027
5155
3318
8404
3960
6981
5369
8260
765
8683
4916
4982
5354
9971
3334
5421
1078
429
6634
7485
8698
8475
985
4475
9370
6023
6888
5581
9563
5651
2997
113
9078
2699
8634
3242
8119
6119
5020
7412
770
4492
7683
7897
5347
6163
1461
4092
6240
7841
2993
9010
7261
5301
53
2624
9484
2817
2541
6736
9775
2992
7449
9229
7851
4437
3017
6398
6123
7380
1927
7216
1550
6730
9137
1179
7950
4486
1554
4086
5582
1803
9997
6759
5519
1342
2805
1235
7567
698
1483
3827
3214
9763
6276
8071
5742
4103
9462
1204
7431
2960
7200
954
2085
2919
9620
8817
655
3282
353
3681
4084
3582
3345
5392
3395
3896
6811
1637
6999
3829
7686
2988
8109
849
6044
8371
3140
8372
1670
6465
5792
6833
2649
4918
635
5400
4781
5758
1561
9515
3926
4495
3670
5278
2545
5617
4462
2695
1165
6429
120
3429
1139
9438
5408
4653
4867
9605
6000
4816
1292
888
7466
3512
1864
4410
5012
8513
9522
1718
1041
7684
2165
8581
9240
9791
9570
3727
6339
432
9661
1230
4310
5584
9941
477
7674
6029
6718
6864
2485
5695
557
6702
9320
4988
7375
5768
3253
854
118
6109
3386
4930
7601
9014
6719
3077
1095
6637
119
3303
6400
6091
2646
8681
2576
6046
2400
7378
6369
1257
2538
4949
9644
757
9439
4798
9139
5446
5441
9708
9198
504
826
9001
1872
968
9661
7555
8165
7215
4030
4207
9146
7689
1467
9476
1929
3012
614
7874
6672
6420
4208
9142
9565
8595
9491
5813
8296
9702
5931
4069
7149
3034
355
5115
9204
9933
4360
9823
6863
8890
3548
1373
6863
1164
2649
2180
4068
6083
9903
6257
2703
1077
1164
7142
1429
8699
6903
6099
6706
5932
8489
6326
23
328
7529
3807
4035
4202
4323
8572
1689
4064
6564
7876
8787
5319
5364
895
659
1632
32
1874
5538
9599
1427
7401
9575
4178
5968
1196
5413
3678
6415
2532
8337
5028
2945
6023
4575
7075
4194
8574
3720
2760
2299
7528
2954
4080
5376
3176
7916
3550
4732
7418
3020
2263
9159
9379
968
9226
9826
7189
6181
2670
3823
3089
9663
852
8511
7191
1581
7916
1161
3113
5120
9651
6212
6127
40
233
1938
6003
9171
1073
4329
9900
35
1617
3102
2568
8459
8553
7600
2882
4662
8801
4495
2035
9539
5115
1815
7732
7537
5640
6877
3298
4659
2151
4068
1770
2065
4487
1404
9364
7627
525
8184
9677
9418
6785
9003
4252
1380
5107
8767
2902
7579
3483
8353
5916
3220
1374
1228
4418
3743
9292
2144
539
1480
1478
5647
1616
8168
7886
9268
8463
40
7143
2448
5952
3316
8475
8690
3923
7048
8058
7394
8837
602
4576
1867
1138
5859
9664
6275
8868
6059
8348
7656
2137
6336
8423
1256
6626
9027
5761
1613
2728
5039
2705
9507
8442
2486
8146
4904
9137
3370
3684
8895
484
3877
2467
2432
6439
838
9557
9807
3502
1257
9036
2088
6384
17
9387
8836
55
6324
9638
9707
9795
2499
5010
6390
9166
8741
6123
4655
3562
6015
8260
1240
5127
962
5961
2084
193
7344
5281
9910
1797
7436
7807
7876
6308
6542
2536
3735
4049
9232
1615
9298
6292
3785
443
9341
3233
9795
1290
8349
7282
1146
3039
3281
9633
3651
4262
731
9186
8918
1081
1721
4109
7882
4475
9200
1993
9068
3281
7444
7972
1356
4817
3046
4415
3172
8402
1931
7734
3749
9475
1892
6590
4607
8407
1999
9638
9261
4990
6826
8576
8427
7568
1823
5225
7094
2370
2800
5188
5982
2698
1584
5925
4554
3615
2380
5432
8248
2458
8532
4354
9615
8137
106
7920
2083
130
6038
7084
6516
8421
4851
622
5892
3850
1594
7358
8371
7353
5721
5191
7001
6104
5439
1383
4303
5455
6823
8980
3258
9719
9310
9145
6405
8801
3122
3037
6649
8548
7226
244
8476
462
8492
4591
2740
2539
431
3103
5590
3843
8589
6087
6624
94
2388
5503
7343
5027
2874
2805
2493
2350
1643
3182
2986
3903
4897
122
6358
8783
6494
2117
9481
4558
7784
1801
4319
9464
9697
7489
8163
8758
3938
5385
5959
7856
836
2673
5325
176
9419
192
2854
3762
5776
6869
5556
1511
1193
9881
6509
9449
3319
1296
79
8681
2891
8175
3434
5444
6533
8103
4783
3412
2891
7519
7187
5650
5795
1488
879
5562
9037
7833
7400
487
5824
1475
2102
1629
2384
4735
9251
2357
6856
268
5969
8547
4697
1941
4840
4659
8527
6198
2236
1442
412
2414
5575
4985
372
8384
488
7108
6789
5973
2663
3313
3504
2428
147
372
2888
321
5978
8839
1414
6315
341
3215
7303
1678
766
7658
9875
465
4767
7524
9050
795
4136
7592
2636
2231
9787
7044
309
6166
8712
7749
6020
4435
1360
4913
5559
6417
6249
852
1861
6065
3053
434
167
192
1039
2844
4884
7069
7563
3869
8407
1720
3945
2580
367
3334
8510
5948
1027
3201
9326
7398
2208
9309
9442
3464
1760
8437
3953
1263
9720
9955
5791
3680
3103
8046
591
845
262
2478
7270
9283
9465
9707
9934
1791
1312
1651
1363
8225
1282
8283
4110
7480
9319
6429
8523
621
855
95
2713
812
9204
8564
541
6925
7138
3740
7923
5473
5567
3495
6499
9768
2050
5830
3164
8287
4036
3874
4911
3638
4325
838
8827
8688
7933
1447
4032
2340
9169
293
3250
2496
1229
5225
396
7453
2948
8014
5534
1213
3377
7260
9957
1569
7032
8415
9510
5735
8735
4310
4166
4977
1171
4424
377
7409
4808
6689
3941
3440
5520
4825
7970
8846
2775
9558
2736
2067
5033
456
373
6356
1280
7634
114
1297
6126
1353
2129
9980
2420
6532
8701
20
3021
5715
1885
7231
202
733
6126
278
3530
5009
5756
3114
4229
7278
7437
2036
3461
926
6251
8202
1826
8717
7052
254
6681
2951
9392
7056
7592
4095
8470
1396
3256
9485
538
4238
3271
1455
2591
4058
7794
9376
3157
5112
1259
7285
2055
5204
4189
3412
8980
7556
505
2992
4344
6778
7467
4175
3895
1497
9870
3100
3749
1685
2425
8424
133
9683
9925
8252
3324
9439
3179
3097
2016
2845
8191
8800
2978
4007
1411
1054
1717
565
4537
2143
8171
90
9578
6468
9643
2027
9116
2879
8432
58
9826
5306
17
3873
2518
4199
664
7307
3404
9666
2674
5964
6851
6467
5314
6192
2141
1712
9378
1873
6984
5071
8807
9330
8328
6393
303
3896
9507
9338
2842
4985
937
1877
4146
9324
7422
6325
1545
1888
5558
9358
6318
3257
8812
5633
4155
1444
9166
7534
7725
3228
5176
1412
1713
1509
6491
9732
7528
2262
9466
1972
8966
8596
1553
9151
6541
2297
7139
2297
6593
5811
2030
8065
5608
9256
269
2895
3760
1528
9882
2236
8012
5163
7309
4017
9229
1833
1494
9688
7513
4904
531
1759
2634
6176
2110
779
5093
2651
9463
4280
5222
1272
137
9390
9045
286
7611
4928
8119
6461
2693
1567
1699
609
8765
587
926
9280
1933
1849
8566
5986
7027
2607
9736
833
5205
4172
8127
7622
3774
966
6762
898
6570
3467
5368
4222
8458
6233
3890
1386
3620
5945
6133
1458
6586
3445
6330
1039
885
2315
5156
7401
9149
7337
9526
8010
9640
9304
2830
7566
8158
3254
5698
5671
2132
5259
6293
7804
6909
6109
6614
7697
5193
4527
7606
3538
8280
100
9124
1130
288
817
1078
1968
3319
977
4662
6944
9437
4306
7511
7384
9048
2572
6594
7129
1422
7010
9281
3197
9673
1841
4711
7576
1914
1445
4555
5350
9597
6667
2783
8004
3076
6065
3697
9755
6770
1178
6445
5479
5847
2398
1133
9911
771
9197
5006
2044
6313
5588
4048
3860
3009
7336
4985
6432
7866
1584
1655
3457
3098
3839
5809
2690
2723
7838
9064
8959
3061
1481
6927
9251
5146
1968
196
5935
1249
2397
5258
1382
9930
325
7348
9669
6651
2695
1328
5104
1965
418
4062
1640
5590
6532
3916
6728
547
7788
9056
8015
2754
7105
1488
8696
4842
7979
3969
772
5847
4095
6090
1722
3478
9401
6916
3236
6777
6402
1280
7259
2535
3392
8085
4813
3763
4445
4533
9834
8663
2399
8571
2399
8670
7238
9364
2313
3083
7477
7879
3691
9145
5304
9521
1915
7199
9428
3665
3590
687
3036
381
1956
6812
8415
8352
5894
4918
1582
5552
6412
9620
2763
5440
9827
8076
1742
3695
2219
8241
9121
9850
9431
1194
5259
293
8558
1499
3578
8593
3758
5811
2665
7083
3312
9777
7889
8577
134
9555
2220
4498
9089
3708
2052
8752
